%YAML 1.1
%TAG !u! tag:unity3d.com,2011:
--- !u!114 &11400000
MonoBehaviour:
  m_ObjectHideFlags: 0
  m_CorrespondingSourceObject: {fileID: 0}
  m_PrefabInstance: {fileID: 0}
  m_PrefabAsset: {fileID: 0}
  m_GameObject: {fileID: 0}
  m_Enabled: 1
  m_EditorHideFlags: 0
  m_Script: {fileID: 11500000, guid: db7bcdbc992f9ba44b1caa7412fcabaf, type: 3}
  m_Name: MonsterType2PathConfigData2083_2003
  m_EditorClassIdentifier: 
  unitId: 2003
  spawnId: 2083
  inSpeed: -1
  outSpeed: -1
  minAttackTime: 1
  maxAttackTime: 3
  attackCount: 1
  attackPercent: 50
  pathPosList:
  - inPosList:
    - {x: 7.4, y: 0.6, z: 10.43}
    - {x: 4.01, y: 0.98, z: 9.89}
    - {x: 2.8, y: 0.6, z: 6.4}
    outPosList:
    - {x: 2.8, y: 0.6, z: 6.4}
    - {x: 4.01, y: 0.98, z: 9.89}
    - {x: 7.4, y: 0.6, z: 10.43}
    attackIndex: 6
    isPlayEnterAnim: 0
    reverseFlag: 0
    isEnterAttackPos: 0
  - inPosList:
    - {x: 0, y: 0.6, z: 20.3}
    - {x: 4.5, y: 0.3, z: 16.92}
    - {x: 4.56, y: 1.07, z: 9.21}
    - {x: 1.39, y: 0.6, z: 6.4}
    outPosList:
    - {x: 1.39, y: 0.6, z: 6.4}
    - {x: 4.56, y: 1.07, z: 9.21}
    - {x: 4.5, y: 0.3, z: 16.92}
    - {x: 0, y: 0.6, z: 20.3}
    attackIndex: 7
    isPlayEnterAnim: 0
    reverseFlag: 0
    isEnterAttackPos: 0
  - inPosList:
    - {x: -10.5, y: 0.6, z: 10.43}
    - {x: -5.58, y: 0.35, z: 9.89}
    - {x: -2.8, y: 0.6, z: 6.4}
    outPosList:
    - {x: -2.8, y: 0.6, z: 6.4}
    - {x: -5.58, y: 0.35, z: 9.89}
    - {x: -10.5, y: 0.6, z: 10.43}
    attackIndex: 8
    isPlayEnterAnim: 0
    reverseFlag: 0
    isEnterAttackPos: 0
  - inPosList:
    - {x: -1.1, y: 0.6, z: 20.5}
    - {x: -4.3, y: 0.6, z: 16.3}
    - {x: -7.49, y: -0.01, z: 9.97}
    - {x: -0.7, y: 0.6, z: 6.4}
    outPosList:
    - {x: -0.7, y: 0.6, z: 6.4}
    - {x: -7.49, y: -0.01, z: 9.97}
    - {x: -4.3, y: 0.6, z: 16.3}
    - {x: -1.1, y: 0.6, z: 20.5}
    attackIndex: 9
    isPlayEnterAnim: 0
    reverseFlag: 0
    isEnterAttackPos: 0
