%YAML 1.1
%TAG !u! tag:unity3d.com,2011:
--- !u!114 &11400000
MonoBehaviour:
  m_ObjectHideFlags: 0
  m_CorrespondingSourceObject: {fileID: 0}
  m_PrefabInstance: {fileID: 0}
  m_PrefabAsset: {fileID: 0}
  m_GameObject: {fileID: 0}
  m_Enabled: 1
  m_EditorHideFlags: 0
  m_Script: {fileID: 11500000, guid: db7bcdbc992f9ba44b1caa7412fcabaf, type: 3}
  m_Name: MonsterType2PathConfigData2062_2002
  m_EditorClassIdentifier: 
  unitId: 2002
  spawnId: 2062
  inSpeed: -1
  outSpeed: -1
  minAttackTime: 1
  maxAttackTime: 3
  attackCount: 1
  attackPercent: 50
  pathPosList:
  - inPosList:
    - {x: 5.32, y: -1.84, z: 11.16}
    - {x: 1.5, y: -1.84, z: 10.1}
    - {x: 1.131123, y: -1.64, z: 5.991457}
    outPosList:
    - {x: 1.131123, y: -1.64, z: 5.991457}
    - {x: 1.5, y: -1.84, z: 10.1}
    - {x: 5.32, y: -1.84, z: 11.16}
    attackIndex: 0
    isPlayEnterAnim: 0
    reverseFlag: 0
    isEnterAttackPos: 0
  - inPosList:
    - {x: 5.32, y: -1.92, z: 12.23}
    - {x: 0.69, y: -1.84, z: 11.3}
    - {x: 0, y: -1.64, z: 5.991457}
    outPosList:
    - {x: 0, y: -1.64, z: 5.991457}
    - {x: 0.69, y: -1.84, z: 11.3}
    - {x: 5.32, y: -1.92, z: 12.23}
    attackIndex: 1
    isPlayEnterAnim: 0
    reverseFlag: 0
    isEnterAttackPos: 0
  - inPosList:
    - {x: -5.32, y: -1.84, z: 11.16}
    - {x: -2.17, y: -1.84, z: 11.01}
    - {x: -2.21, y: -1.64, z: 7.111}
    outPosList:
    - {x: -2.21, y: -1.64, z: 7.111}
    - {x: -2.17, y: -1.84, z: 11.01}
    - {x: -5.32, y: -1.84, z: 11.16}
    attackIndex: 2
    isPlayEnterAnim: 0
    reverseFlag: 0
    isEnterAttackPos: 0
  - inPosList:
    - {x: -5.32, y: -1.92, z: 12.23}
    - {x: -1.2, y: -1.92, z: 11.95}
    - {x: -1.131123, y: -1.64, z: 5.991457}
    outPosList:
    - {x: -1.131123, y: -1.64, z: 5.991457}
    - {x: -1.2, y: -1.92, z: 11.95}
    - {x: -5.32, y: -1.92, z: 12.23}
    attackIndex: 3
    isPlayEnterAnim: 0
    reverseFlag: 0
    isEnterAttackPos: 0
  - inPosList:
    - {x: -5.1, y: -2.22, z: 18.1}
    - {x: -1.2, y: -2.13, z: 16.82}
    - {x: -1.131123, y: -1.64, z: 5.991457}
    outPosList:
    - {x: -1.131123, y: -1.64, z: 5.991457}
    - {x: -1.2, y: -2.13, z: 16.82}
    - {x: -5.1, y: -2.22, z: 18.1}
    attackIndex: 4
    isPlayEnterAnim: 0
    reverseFlag: 0
    isEnterAttackPos: 0
  - inPosList:
    - {x: 5.1, y: -2.22, z: 18.1}
    - {x: 1.2, y: -2.13, z: 16.82}
    - {x: 1.131123, y: -1.64, z: 5.991457}
    outPosList:
    - {x: 1.131123, y: -1.64, z: 5.991457}
    - {x: 1.2, y: -2.13, z: 16.82}
    - {x: 5.1, y: -2.22, z: 18.1}
    attackIndex: 5
    isPlayEnterAnim: 0
    reverseFlag: 0
    isEnterAttackPos: 0
