%YAML 1.1
%TAG !u! tag:unity3d.com,2011:
--- !u!114 &11400000
MonoBehaviour:
  m_ObjectHideFlags: 0
  m_CorrespondingSourceObject: {fileID: 0}
  m_PrefabInstance: {fileID: 0}
  m_PrefabAsset: {fileID: 0}
  m_GameObject: {fileID: 0}
  m_Enabled: 1
  m_EditorHideFlags: 0
  m_Script: {fileID: 11500000, guid: db7bcdbc992f9ba44b1caa7412fcabaf, type: 3}
  m_Name: MonsterType2PathConfigData2041_2001
  m_EditorClassIdentifier: 
  unitId: 2001
  spawnId: 2041
  inSpeed: -1
  outSpeed: -1
  minAttackTime: 1
  maxAttackTime: 3
  attackCount: 1
  attackPercent: 50
  pathPosList:
  - inPosList:
    - {x: -8.43, y: -1.3, z: 4.17}
    - {x: -4, y: -1.28, z: 4.8}
    - {x: -1.679, y: -1.29, z: 4.001}
    outPosList:
    - {x: -1.679, y: -1.29, z: 4.001}
    - {x: -4, y: -1.28, z: 4.8}
    - {x: -8.43, y: -1.3, z: 4.17}
    attackIndex: 0
    isPlayEnterAnim: 0
    reverseFlag: 0
    isEnterAttackPos: 0
  - inPosList:
    - {x: -8.43, y: -1.3, z: 4.17}
    - {x: -6.89, y: -1.28, z: 6.45}
    - {x: -3.346, y: -1.26, z: 6.105}
    outPosList:
    - {x: -3.346, y: -1.26, z: 6.105}
    - {x: -6.89, y: -1.28, z: 6.45}
    - {x: -8.43, y: -1.3, z: 4.17}
    attackIndex: 1
    isPlayEnterAnim: 0
    reverseFlag: 0
    isEnterAttackPos: 0
  - inPosList:
    - {x: -8.81, y: -1.3, z: 6.32}
    - {x: -5.46, y: -1.28, z: 8.35}
    - {x: -2.15, y: -1.26, z: 6.97}
    - {x: -0.59, y: -1.26, z: 4.43}
    outPosList:
    - {x: -0.59, y: -1.26, z: 4.43}
    - {x: -2.15, y: -1.26, z: 6.97}
    - {x: -5.46, y: -1.28, z: 8.35}
    - {x: -8.81, y: -1.3, z: 6.32}
    attackIndex: 2
    isPlayEnterAnim: 0
    reverseFlag: 0
    isEnterAttackPos: 0
  - inPosList:
    - {x: 8.43, y: -1.3, z: 4.17}
    - {x: 4, y: -1.28, z: 4.8}
    - {x: 1.679, y: -1.29, z: 4.001}
    outPosList:
    - {x: 1.679, y: -1.29, z: 4.001}
    - {x: 4, y: -1.28, z: 4.8}
    - {x: 8.43, y: -1.3, z: 4.17}
    attackIndex: 3
    isPlayEnterAnim: 0
    reverseFlag: 0
    isEnterAttackPos: 0
  - inPosList:
    - {x: 8.43, y: -1.3, z: 4.17}
    - {x: 6.89, y: -1.28, z: 6.45}
    - {x: 3.346, y: -1.26, z: 6.105}
    outPosList:
    - {x: 3.346, y: -1.26, z: 6.105}
    - {x: 6.89, y: -1.28, z: 6.45}
    - {x: 8.43, y: -1.3, z: 4.17}
    attackIndex: 4
    isPlayEnterAnim: 0
    reverseFlag: 0
    isEnterAttackPos: 0
  - inPosList:
    - {x: 8.81, y: -1.3, z: 6.32}
    - {x: 5.46, y: -1.28, z: 8.35}
    - {x: 2.15, y: -1.26, z: 6.97}
    - {x: 0.74, y: -1.26, z: 4.43}
    outPosList:
    - {x: 0.74, y: -1.26, z: 4.43}
    - {x: 2.15, y: -1.26, z: 6.97}
    - {x: 5.46, y: -1.28, z: 8.35}
    - {x: 8.81, y: -1.3, z: 6.32}
    attackIndex: 5
    isPlayEnterAnim: 0
    reverseFlag: 0
    isEnterAttackPos: 0
  - inPosList:
    - {x: 4.6, y: -1.3, z: 13.26}
    - {x: 1.1, y: -1.3, z: 11.8}
    - {x: 0.48, y: -1.26, z: 7.51}
    - {x: 0.74, y: -1.26, z: 4.43}
    outPosList:
    - {x: 0.74, y: -1.26, z: 4.43}
    - {x: 0.48, y: -1.26, z: 7.51}
    - {x: 1.1, y: -1.3, z: 11.8}
    - {x: 4.6, y: -1.3, z: 13.26}
    attackIndex: 6
    isPlayEnterAnim: 0
    reverseFlag: 0
    isEnterAttackPos: 0
  - inPosList:
    - {x: -4.6, y: -1.3, z: 13.26}
    - {x: -1.1, y: -1.3, z: 11.8}
    - {x: -0.48, y: -1.26, z: 7.51}
    - {x: -0.74, y: -1.26, z: 4.43}
    outPosList:
    - {x: -0.74, y: -1.26, z: 4.43}
    - {x: -0.48, y: -1.26, z: 7.51}
    - {x: -1.1, y: -1.3, z: 11.8}
    - {x: -4.6, y: -1.3, z: 13.26}
    attackIndex: 7
    isPlayEnterAnim: 0
    reverseFlag: 0
    isEnterAttackPos: 0
