%YAML 1.1
%TAG !u! tag:unity3d.com,2011:
--- !u!114 &11400000
MonoBehaviour:
  m_ObjectHideFlags: 0
  m_CorrespondingSourceObject: {fileID: 0}
  m_PrefabInstance: {fileID: 0}
  m_PrefabAsset: {fileID: 0}
  m_GameObject: {fileID: 0}
  m_Enabled: 1
  m_EditorHideFlags: 0
  m_Script: {fileID: 11500000, guid: db7bcdbc992f9ba44b1caa7412fcabaf, type: 3}
  m_Name: MonsterType2PathConfigData2073_2003
  m_EditorClassIdentifier: 
  unitId: 2003
  spawnId: 2073
  inSpeed: -1
  outSpeed: -1
  minAttackTime: 1
  maxAttackTime: 3
  attackCount: 1
  attackPercent: 50
  pathPosList:
  - inPosList:
    - {x: 6.5, y: -1.68, z: 11.09}
    - {x: 1.4, y: -1.68, z: 10.44}
    - {x: 0.883, y: -1.44, z: 4.457}
    outPosList:
    - {x: 0.883, y: -1.44, z: 4.457}
    - {x: 1.4, y: -1.68, z: 10.44}
    - {x: 6.5, y: -1.68, z: 11.09}
    attackIndex: 0
    isPlayEnterAnim: 0
    reverseFlag: 0
    isEnterAttackPos: 0
  - inPosList:
    - {x: -6.5, y: -1.68, z: 11.09}
    - {x: -1.28, y: -1.68, z: 10.44}
    - {x: -0.85, y: -1.44, z: 4.457}
    outPosList:
    - {x: -0.85, y: -1.44, z: 4.457}
    - {x: -1.28, y: -1.68, z: 10.44}
    - {x: -6.5, y: -1.68, z: 11.09}
    attackIndex: 1
    isPlayEnterAnim: 0
    reverseFlag: 0
    isEnterAttackPos: 0
