%YAML 1.1
%TAG !u! tag:unity3d.com,2011:
--- !u!114 &11400000
MonoBehaviour:
  m_ObjectHideFlags: 0
  m_CorrespondingSourceObject: {fileID: 0}
  m_PrefabInstance: {fileID: 0}
  m_PrefabAsset: {fileID: 0}
  m_GameObject: {fileID: 0}
  m_Enabled: 1
  m_EditorHideFlags: 0
  m_Script: {fileID: 11500000, guid: db7bcdbc992f9ba44b1caa7412fcabaf, type: 3}
  m_Name: MonsterType2PathConfigData2081_2001
  m_EditorClassIdentifier: 
  unitId: 2001
  spawnId: 2081
  inSpeed: -1
  outSpeed: -1
  minAttackTime: 1
  maxAttackTime: 3
  attackCount: 1
  attackPercent: 50
  pathPosList:
  - inPosList:
    - {x: 6.79, y: -1.68, z: 10.43}
    - {x: 3.33, y: -1.68, z: 9.89}
    - {x: 2.8, y: -1.51, z: 6.4}
    outPosList:
    - {x: 2.8, y: -1.51, z: 6.4}
    - {x: 3.33, y: -1.68, z: 9.89}
    - {x: 6.79, y: -1.68, z: 10.43}
    attackIndex: 0
    isPlayEnterAnim: 0
    reverseFlag: 0
    isEnterAttackPos: 0
  - inPosList:
    - {x: 11.07, y: -1.88, z: 13.54}
    - {x: 2.8, y: -1.8, z: 12.34}
    - {x: 1.8, y: -1.51, z: 6.4}
    outPosList:
    - {x: 1.8, y: -1.51, z: 6.4}
    - {x: 2.8, y: -1.8, z: 12.34}
    - {x: 11.07, y: -1.88, z: 13.54}
    attackIndex: 1
    isPlayEnterAnim: 0
    reverseFlag: 0
    isEnterAttackPos: 0
  - inPosList:
    - {x: 0, y: -2.14, z: 18.77}
    - {x: 2.8, y: -1.94, z: 15.47}
    - {x: 2.88, y: -1.75, z: 10.72}
    - {x: 0.7, y: -1.51, z: 6.4}
    outPosList:
    - {x: 0.7, y: -1.51, z: 6.4}
    - {x: 2.88, y: -1.75, z: 10.72}
    - {x: 2.8, y: -1.94, z: 15.47}
    - {x: 0, y: -2.14, z: 18.77}
    attackIndex: 2
    isPlayEnterAnim: 0
    reverseFlag: 0
    isEnterAttackPos: 0
  - inPosList:
    - {x: -10.5, y: -1.68, z: 10.43}
    - {x: -3.33, y: -1.68, z: 9.89}
    - {x: -2.8, y: -1.51, z: 6.4}
    outPosList:
    - {x: -2.8, y: -1.51, z: 6.4}
    - {x: -3.33, y: -1.68, z: 9.89}
    - {x: -10.5, y: -1.68, z: 10.43}
    attackIndex: 3
    isPlayEnterAnim: 0
    reverseFlag: 0
    isEnterAttackPos: 0
  - inPosList:
    - {x: -11.07, y: -1.88, z: 13.54}
    - {x: -2.8, y: -1.8, z: 12.34}
    - {x: -1.8, y: -1.51, z: 6.4}
    outPosList:
    - {x: -1.8, y: -1.51, z: 6.4}
    - {x: -2.8, y: -1.8, z: 12.34}
    - {x: -11.07, y: -1.88, z: 13.54}
    attackIndex: 4
    isPlayEnterAnim: 0
    reverseFlag: 0
    isEnterAttackPos: 0
  - inPosList:
    - {x: 0, y: -2.14, z: 18.77}
    - {x: -2.8, y: -1.94, z: 15.47}
    - {x: -2.88, y: -1.75, z: 10.72}
    - {x: -0.7, y: -1.51, z: 6.4}
    outPosList:
    - {x: -0.7, y: -1.51, z: 6.4}
    - {x: -2.88, y: -1.75, z: 10.72}
    - {x: -2.8, y: -1.94, z: 15.47}
    - {x: 0, y: -2.14, z: 18.77}
    attackIndex: 5
    isPlayEnterAnim: 0
    reverseFlag: 0
    isEnterAttackPos: 0
