%YAML 1.1
%TAG !u! tag:unity3d.com,2011:
--- !u!114 &11400000
MonoBehaviour:
  m_ObjectHideFlags: 0
  m_CorrespondingSourceObject: {fileID: 0}
  m_PrefabInstance: {fileID: 0}
  m_PrefabAsset: {fileID: 0}
  m_GameObject: {fileID: 0}
  m_Enabled: 1
  m_EditorHideFlags: 0
  m_Script: {fileID: 11500000, guid: db7bcdbc992f9ba44b1caa7412fcabaf, type: 3}
  m_Name: MonsterType2PathConfigData4034_4004
  m_EditorClassIdentifier: 
  unitId: 4004
  spawnId: 4034
  inSpeed: -1
  outSpeed: -1
  minAttackTime: 1
  maxAttackTime: 3
  attackCount: 1
  attackPercent: 50
  pathPosList:
  - inPosList:
    - {x: 45.7, y: 33.4, z: 118.3}
    - {x: 13, y: 20.7, z: 71.7}
    - {x: 11, y: 2, z: 20}
    outPosList:
    - {x: 11, y: 2, z: 20}
    - {x: 13, y: 20.7, z: 71.7}
    - {x: 45.7, y: 33.4, z: 118.3}
    attackIndex: 4
    enterAnimTimer: 0
    isPlayEnterAnim: 0
    reverseFlag: 1
    isEnterAttackPos: 0
  - inPosList:
    - {x: -39.9, y: 21.8, z: 126.5}
    - {x: -13.6, y: 19.1, z: 87.1}
    - {x: -11, y: 2, z: 20}
    outPosList:
    - {x: -11, y: 2, z: 20}
    - {x: -13.6, y: 19.1, z: 87.1}
    - {x: -39.9, y: 21.8, z: 126.5}
    attackIndex: 5
    enterAnimTimer: 0
    isPlayEnterAnim: 0
    reverseFlag: 1
    isEnterAttackPos: 0
  - inPosList:
    - {x: -43.5, y: 16, z: 64.6}
    - {x: -22.5, y: 9.36, z: 53.6}
    - {x: -7, y: 0, z: 20}
    outPosList:
    - {x: -7, y: 0, z: 20}
    - {x: -22.5, y: 9.36, z: 53.6}
    - {x: -43.5, y: 16, z: 64.6}
    attackIndex: 6
    enterAnimTimer: 0
    isPlayEnterAnim: 0
    reverseFlag: 1
    isEnterAttackPos: 0
  - inPosList:
    - {x: 45, y: 9.43, z: 62.4}
    - {x: 21, y: 6.7, z: 53.6}
    - {x: 8, y: 0.5, z: 20}
    outPosList:
    - {x: 8, y: 0.5, z: 20}
    - {x: 21, y: 6.7, z: 53.6}
    - {x: 45, y: 9.43, z: 62.4}
    attackIndex: 7
    enterAnimTimer: 0
    isPlayEnterAnim: 0
    reverseFlag: 1
    isEnterAttackPos: 0
  - inPosList:
    - {x: -44.9, y: 15.5, z: 133.8}
    - {x: -16, y: 8.8, z: 106.8}
    - {x: -28, y: 6, z: 64.71}
    - {x: -3, y: 2, z: 20}
    outPosList:
    - {x: -3, y: 2, z: 20}
    - {x: -28, y: 6, z: 64.71}
    - {x: -16, y: 8.8, z: 106.8}
    - {x: -44.9, y: 15.5, z: 133.8}
    attackIndex: 8
    enterAnimTimer: 0
    isPlayEnterAnim: 0
    reverseFlag: 1
    isEnterAttackPos: 0
  - inPosList:
    - {x: 51.4, y: 9.1, z: 111.8}
    - {x: 16, y: 3.7, z: 103.7}
    - {x: 21.66, y: 2.8, z: 54.17}
    - {x: 5, y: 1, z: 20}
    outPosList:
    - {x: 5, y: 1, z: 20}
    - {x: 21.66, y: 2.8, z: 54.17}
    - {x: 16, y: 3.7, z: 103.7}
    - {x: 51.4, y: 9.1, z: 111.8}
    attackIndex: 9
    enterAnimTimer: 0
    isPlayEnterAnim: 0
    reverseFlag: 1
    isEnterAttackPos: 0
